Guns: 82.16340621403913%

Accidents: 70.53941908713693%

