Flood: 70.5050505050505%

Guns: 82.16340621403913%

violence: 76.14533965244867%

Accidents: 70.53941908713693%

