Flood: 61.01010101010102%

Guns: 76.86996547756041%

violence: 76.61927330173775%

Accidents: 74.68879668049793%

