Guns: 76.86996547756041%

Accidents: 74.68879668049793%

